img001476.png: 0.214052
img002445.png: 0.338170
img000037.png: 0.510772
img002583.png: 0.200495
img001295.png: 0.339895
img005086.png: 0.310595
img004567.png: 0.303690
img003698.png: 0.275999
img001469.png: 0.428508
img001330.png: 0.490399
img004797.png: 0.296569
img003408.png: 0.141376
img001004.png: 0.387087
img002213.png: 0.340664
img000915.png: 0.125268
img004273.png: 0.330954
img000049.png: 0.283429
